(kicad_pcb (version 20171130) (host pcbnew "(5.0.0)")

  (general
    (thickness 1.6)
    (drawings 4)
    (tracks 417)
    (zones 0)
    (modules 87)
    (nets 84)
  )

  (page A4)
  (layers
    (0 F.Cu signal)
    (31 B.Cu signal)
    (32 B.Adhes user)
    (33 F.Adhes user)
    (34 B.Paste user)
    (35 F.Paste user)
    (36 B.SilkS user)
    (37 F.SilkS user)
    (38 B.Mask user)
    (39 F.Mask user)
    (40 Dwgs.User user)
    (41 Cmts.User user)
    (42 Eco1.User user)
    (43 Eco2.User user)
    (44 Edge.Cuts user)
    (45 Margin user)
    (46 B.CrtYd user)
    (47 F.CrtYd user)
    (48 B.Fab user)
    (49 F.Fab user)
  )

  (setup
    (last_trace_width 0.635)
    (user_trace_width 0.1524)
    (user_trace_width 0.2032)
    (user_trace_width 0.254)
    (user_trace_width 0.3048)
    (user_trace_width 0.381)
    (user_trace_width 0.508)
    (user_trace_width 0.635)
    (user_trace_width 1.27)
    (user_trace_width 1.905)
    (user_trace_width 2.54)
    (user_trace_width 3.175)
    (user_trace_width 3.81)
    (user_trace_width 6.35)
    (trace_clearance 0.1524)
    (zone_clearance 0.508)
    (zone_45_only no)
    (trace_min 0.1524)
    (segment_width 0.2)
    (edge_width 0.05)
    (via_size 0.8)
    (via_drill 0.4)
    (via_min_size 0.4)
    (via_min_drill 0.3)
    (uvia_size 0.3)
    (uvia_drill 0.1)
    (uvias_allowed no)
    (uvia_min_size 0.2)
    (uvia_min_drill 0.1)
    (pcb_text_width 0.3)
    (pcb_text_size 1.5 1.5)
    (mod_edge_width 0.12)
    (mod_text_size 1 1)
    (mod_text_width 0.15)
    (pad_size 1.524 1.524)
    (pad_drill 0.762)
    (pad_to_mask_clearance 0.051)
    (solder_mask_min_width 0.25)
    (aux_axis_origin 0 0)
    (visible_elements 7FFFFFFF)
    (pcbplotparams
      (layerselection 0x010fc_ffffffff)
      (usegerberextensions false)
      (usegerberattributes false)
      (usegerberadvancedattributes false)
      (creategerberjobfile false)
      (excludeedgelayer true)
      (linewidth 0.100000)
      (plotframeref false)
      (viasonmask false)
      (mode 1)
      (useauxorigin false)
      (hpglpennumber 1)
      (hpglpenspeed 20)
      (hpglpendiameter 15.000000)
      (psnegative false)
      (psa4output false)
      (plotreference true)
      (plotvalue true)
      (plotinvisibletext false)
      (padsonsilk false)
      (subtractmaskfromsilk false)
      (outputformat 1)
      (mirror false)
      (drillshape 1)
      (scaleselection 1)
      (outputdirectory ""))
  )

  (net 0 "")
  (net 1 +5V)
  (net 2 GND)
  (net 3 /RESET)
  (net 4 "Net-(C3-Pad1)")
  (net 5 "Net-(C4-Pad2)")
  (net 6 VCC)
  (net 7 VBUS)
  (net 8 "Net-(C15-Pad1)")
  (net 9 "Net-(C17-Pad2)")
  (net 10 "Net-(C18-Pad2)")
  (net 11 "Net-(C19-Pad1)")
  (net 12 "Net-(C19-Pad2)")
  (net 13 "Net-(D1-Pad1)")
  (net 14 "Net-(D2-Pad1)")
  (net 15 /LED1)
  (net 16 "Net-(D3-Pad1)")
  (net 17 "Net-(D4-Pad1)")
  (net 18 /LED2)
  (net 19 "Net-(F1-Pad2)")
  (net 20 "Net-(F2-Pad2)")
  (net 21 /MISO)
  (net 22 /SCK)
  (net 23 /MOSI)
  (net 24 "Net-(J2-Pad2)")
  (net 25 "Net-(J2-Pad3)")
  (net 26 /JS_X)
  (net 27 /JS_Y)
  (net 28 /BTN_UP)
  (net 29 /BTN_DN)
  (net 30 /BTN_L)
  (net 31 /BTN_R)
  (net 32 /M8RXD)
  (net 33 "Net-(R1-Pad1)")
  (net 34 "Net-(R2-Pad1)")
  (net 35 /M8TXD)
  (net 36 /NTC1)
  (net 37 /NTC2)
  (net 38 /MOTOR1_DRIVER/~FAULT)
  (net 39 "Net-(R9-Pad1)")
  (net 40 "Net-(R10-Pad2)")
  (net 41 "Net-(R11-Pad2)")
  (net 42 "Net-(R12-Pad2)")
  (net 43 "Net-(R13-Pad2)")
  (net 44 "Net-(RV1-Pad2)")
  (net 45 "Net-(SW1-Pad1)")
  (net 46 "Net-(SW1-Pad2)")
  (net 47 "Net-(SW1-Pad3)")
  (net 48 "Net-(SW1-Pad4)")
  (net 49 /MOTOR1_PWM)
  (net 50 /MOTOR1_DIR)
  (net 51 /MOTOR2_PWM)
  (net 52 /MOTOR2_DIR)
  (net 53 "Net-(U3-Pad1)")
  (net 54 /MOTOR1_DRIVER/ALO)
  (net 55 /MOTOR1_DRIVER/AHI)
  (net 56 /MOTOR2_DRIVER/ALO)
  (net 57 "Net-(U3-Pad9)")
  (net 58 /MOTOR2_DRIVER/AHI)
  (net 59 "Net-(D1-Pad2)")
  (net 60 "Net-(D2-Pad2)")
  (net 61 "Net-(Q1-Pad1)")
  (net 62 "Net-(Q2-Pad1)")
  (net 63 "Net-(Q3-Pad1)")
  (net 64 "Net-(Q4-Pad1)")
  (net 65 /MOTOR1_A)
  (net 66 /MOTOR1_B)
  (net 67 "Net-(C21-Pad1)")
  (net 68 "Net-(C23-Pad2)")
  (net 69 /MOTOR2_A)
  (net 70 /MOTOR2_B)
  (net 71 "Net-(C24-Pad2)")
  (net 72 "Net-(C25-Pad2)")
  (net 73 "Net-(C25-Pad1)")
  (net 74 "Net-(Q5-Pad1)")
  (net 75 "Net-(Q6-Pad1)")
  (net 76 "Net-(Q7-Pad1)")
  (net 77 "Net-(Q8-Pad1)")
  (net 78 /MOTOR2_DRIVER/~FAULT)
  (net 79 "Net-(R15-Pad1)")
  (net 80 "Net-(R16-Pad2)")
  (net 81 "Net-(R17-Pad2)")
  (net 82 "Net-(R18-Pad2)")
  (net 83 "Net-(R19-Pad2)")

  (net_class Default "This is the default net class."
    (clearance 0.1524)
    (trace_width 0.1524)
    (via_dia 0.8)
    (via_drill 0.4)
    (uvia_dia 0.3)
    (uvia_drill 0.1)
    (add_net +5V)
    (add_net /BTN_DN)
    (add_net /BTN_L)
    (add_net /BTN_R)
    (add_net /BTN_UP)
    (add_net /JS_X)
    (add_net /JS_Y)
    (add_net /LED1)
    (add_net /LED2)
    (add_net /M8RXD)
    (add_net /M8TXD)
    (add_net /MISO)
    (add_net /MOSI)
    (add_net /MOTOR1_A)
    (add_net /MOTOR1_B)
    (add_net /MOTOR1_DIR)
    (add_net /MOTOR1_DRIVER/AHI)
    (add_net /MOTOR1_DRIVER/ALO)
    (add_net /MOTOR1_DRIVER/~FAULT)
    (add_net /MOTOR1_PWM)
    (add_net /MOTOR2_A)
    (add_net /MOTOR2_B)
    (add_net /MOTOR2_DIR)
    (add_net /MOTOR2_DRIVER/AHI)
    (add_net /MOTOR2_DRIVER/ALO)
    (add_net /MOTOR2_DRIVER/~FAULT)
    (add_net /MOTOR2_PWM)
    (add_net /NTC1)
    (add_net /NTC2)
    (add_net /RESET)
    (add_net /SCK)
    (add_net GND)
    (add_net "Net-(C15-Pad1)")
    (add_net "Net-(C17-Pad2)")
    (add_net "Net-(C18-Pad2)")
    (add_net "Net-(C19-Pad1)")
    (add_net "Net-(C19-Pad2)")
    (add_net "Net-(C21-Pad1)")
    (add_net "Net-(C23-Pad2)")
    (add_net "Net-(C24-Pad2)")
    (add_net "Net-(C25-Pad1)")
    (add_net "Net-(C25-Pad2)")
    (add_net "Net-(C3-Pad1)")
    (add_net "Net-(C4-Pad2)")
    (add_net "Net-(D1-Pad1)")
    (add_net "Net-(D1-Pad2)")
    (add_net "Net-(D2-Pad1)")
    (add_net "Net-(D2-Pad2)")
    (add_net "Net-(D3-Pad1)")
    (add_net "Net-(D4-Pad1)")
    (add_net "Net-(F1-Pad2)")
    (add_net "Net-(F2-Pad2)")
    (add_net "Net-(J2-Pad2)")
    (add_net "Net-(J2-Pad3)")
    (add_net "Net-(Q1-Pad1)")
    (add_net "Net-(Q2-Pad1)")
    (add_net "Net-(Q3-Pad1)")
    (add_net "Net-(Q4-Pad1)")
    (add_net "Net-(Q5-Pad1)")
    (add_net "Net-(Q6-Pad1)")
    (add_net "Net-(Q7-Pad1)")
    (add_net "Net-(Q8-Pad1)")
    (add_net "Net-(R1-Pad1)")
    (add_net "Net-(R10-Pad2)")
    (add_net "Net-(R11-Pad2)")
    (add_net "Net-(R12-Pad2)")
    (add_net "Net-(R13-Pad2)")
    (add_net "Net-(R15-Pad1)")
    (add_net "Net-(R16-Pad2)")
    (add_net "Net-(R17-Pad2)")
    (add_net "Net-(R18-Pad2)")
    (add_net "Net-(R19-Pad2)")
    (add_net "Net-(R2-Pad1)")
    (add_net "Net-(R9-Pad1)")
    (add_net "Net-(RV1-Pad2)")
    (add_net "Net-(SW1-Pad1)")
    (add_net "Net-(SW1-Pad2)")
    (add_net "Net-(SW1-Pad3)")
    (add_net "Net-(SW1-Pad4)")
    (add_net "Net-(U3-Pad1)")
    (add_net "Net-(U3-Pad9)")
    (add_net VBUS)
    (add_net VCC)
  )

  (module Capacitor_SMD:C_Elec_10x10.2 (layer F.Cu) (tedit 5BC8D926) (tstamp 5CD2E438)
    (at 148.463 124.46 270)
    (descr "SMD capacitor, aluminum electrolytic nonpolar, 10.0x10.2mm")
    (tags "capacitor electrolyic nonpolar")
    (path /5D2A57BC)
    (attr smd)
    (fp_text reference C13 (at 0 -6.2 270) (layer F.SilkS)
      (effects (font (size 1 1) (thickness 0.15)))
    )
    (fp_text value 470u (at 0 6.2 270) (layer F.Fab)
      (effects (font (size 1 1) (thickness 0.15)))
    )
    (fp_text user %R (at 0 0 270) (layer F.Fab)
      (effects (font (size 1 1) (thickness 0.15)))
    )
    (fp_line (start -6.95 1.3) (end -5.4 1.3) (layer F.CrtYd) (width 0.05))
    (fp_line (start -6.95 -1.3) (end -6.95 1.3) (layer F.CrtYd) (width 0.05))
    (fp_line (start -5.4 -1.3) (end -6.95 -1.3) (layer F.CrtYd) (width 0.05))
    (fp_line (start -5.4 1.3) (end -5.4 4.25) (layer F.CrtYd) (width 0.05))
    (fp_line (start -5.4 -4.25) (end -5.4 -1.3) (layer F.CrtYd) (width 0.05))
    (fp_line (start -5.4 -4.25) (end -4.25 -5.4) (layer F.CrtYd) (width 0.05))
    (fp_line (start -5.4 4.25) (end -4.25 5.4) (layer F.CrtYd) (width 0.05))
    (fp_line (start -4.25 -5.4) (end 5.4 -5.4) (layer F.CrtYd) (width 0.05))
    (fp_line (start -4.25 5.4) (end 5.4 5.4) (layer F.CrtYd) (width 0.05))
    (fp_line (start 5.4 1.3) (end 5.4 5.4) (layer F.CrtYd) (width 0.05))
    (fp_line (start 6.95 1.3) (end 5.4 1.3) (layer F.CrtYd) (width 0.05))
    (fp_line (start 6.95 -1.3) (end 6.95 1.3) (layer F.CrtYd) (width 0.05))
    (fp_line (start 5.4 -1.3) (end 6.95 -1.3) (layer F.CrtYd) (width 0.05))
    (fp_line (start 5.4 -5.4) (end 5.4 -1.3) (layer F.CrtYd) (width 0.05))
    (fp_line (start -5.26 4.195563) (end -4.195563 5.26) (layer F.SilkS) (width 0.12))
    (fp_line (start -5.26 -4.195563) (end -4.195563 -5.26) (layer F.SilkS) (width 0.12))
    (fp_line (start -5.26 -4.195563) (end -5.26 -1.31) (layer F.SilkS) (width 0.12))
    (fp_line (start -5.26 4.195563) (end -5.26 1.31) (layer F.SilkS) (width 0.12))
    (fp_line (start -4.195563 5.26) (end 5.26 5.26) (layer F.SilkS) (width 0.12))
    (fp_line (start -4.195563 -5.26) (end 5.26 -5.26) (layer F.SilkS) (width 0.12))
    (fp_line (start 5.26 -5.26) (end 5.26 -1.31) (layer F.SilkS) (width 0.12))
    (fp_line (start 5.26 5.26) (end 5.26 1.31) (layer F.SilkS) (width 0.12))
    (fp_line (start -5.15 4.15) (end -4.15 5.15) (layer F.Fab) (width 0.1))
    (fp_line (start -5.15 -4.15) (end -4.15 -5.15) (layer F.Fab) (width 0.1))
    (fp_line (start -5.15 -4.15) (end -5.15 4.15) (layer F.Fab) (width 0.1))
    (fp_line (start -4.15 5.15) (end 5.15 5.15) (layer F.Fab) (width 0.1))
    (fp_line (start -4.15 -5.15) (end 5.15 -5.15) (layer F.Fab) (width 0.1))
    (fp_line (start 5.15 -5.15) (end 5.15 5.15) (layer F.Fab) (width 0.1))
    (fp_circle (center 0 0) (end 5 0) (layer F.Fab) (width 0.1))
    (pad 2 smd roundrect (at 4.4 0 270) (size 4.6 2.1) (layers F.Cu F.Paste F.Mask) (roundrect_rratio 0.119048)
      (net 2 GND))
    (pad 1 smd roundrect (at -4.4 0 270) (size 4.6 2.1) (layers F.Cu F.Paste F.Mask) (roundrect_rratio 0.119048)
      (net 7 VBUS))
    (model ${KISYS3DMOD}/Capacitor_SMD.3dshapes/C_Elec_10x10.2.wrl
      (at (xyz 0 0 0))
      (scale (xyz 1 1 1))
      (rotate (xyz 0 0 0))
    )
  )

  (module Capacitor_SMD:C_0603_1608Metric (layer F.Cu) (tedit 5CD345A6) (tstamp 5CD36AC0)
    (at 131.572 107.696 180)
    (descr "Capacitor SMD 0603 (1608 Metric), square (rectangular) end terminal, IPC_7351 nominal, (Body size source: http://www.tortai-tech.com/upload/download/2011102023233369053.pdf), generated with kicad-footprint-generator")
    (tags capacitor)
    (path /5D4DF0EE/5CE7F86E)
    (attr smd)
    (fp_text reference C24 (at 8.255 0 180) (layer F.SilkS)
      (effects (font (size 1 1) (thickness 0.15)))
    )
    (fp_text value 1u (at 0 1.43 180) (layer F.Fab)
      (effects (font (size 1 1) (thickness 0.15)))
    )
    (fp_line (start -0.8 0.4) (end -0.8 -0.4) (layer F.Fab) (width 0.1))
    (fp_line (start -0.8 -0.4) (end 0.8 -0.4) (layer F.Fab) (width 0.1))
    (fp_line (start 0.8 -0.4) (end 0.8 0.4) (layer F.Fab) (width 0.1))
    (fp_line (start 0.8 0.4) (end -0.8 0.4) (layer F.Fab) (width 0.1))
    (fp_line (start -0.162779 -0.51) (end 0.162779 -0.51) (layer F.SilkS) (width 0.12))
    (fp_line (start -0.162779 0.51) (end 0.162779 0.51) (layer F.SilkS) (width 0.12))
    (fp_line (start -1.48 0.73) (end -1.48 -0.73) (layer F.CrtYd) (width 0.05))
    (fp_line (start -1.48 -0.73) (end 1.48 -0.73) (layer F.CrtYd) (width 0.05))
    (fp_line (start 1.48 -0.73) (end 1.48 0.73) (layer F.CrtYd) (width 0.05))
    (fp_line (start 1.48 0.73) (end -1.48 0.73) (layer F.CrtYd) (width 0.05))
    (fp_text user %R (at 0 0 180) (layer F.Fab)
      (effects (font (size 0.4 0.4) (thickness 0.06)))
    )
    (pad 1 smd roundrect (at -0.7875 0 180) (size 0.875 0.95) (layers F.Cu F.Paste F.Mask) (roundrect_rratio 0.25)
      (net 70 /MOTOR2_B))
    (pad 2 smd roundrect (at 0.7875 0 180) (size 0.875 0.95) (layers F.Cu F.Paste F.Mask) (roundrect_rratio 0.25)
      (net 71 "Net-(C24-Pad2)"))
    (model ${KISYS3DMOD}/Capacitor_SMD.3dshapes/C_0603_1608Metric.wrl
      (at (xyz 0 0 0))
      (scale (xyz 1 1 1))
      (rotate (xyz 0 0 0))
    )
  )

  (module Capacitor_SMD:C_0603_1608Metric (layer F.Cu) (tedit 5CD3456E) (tstamp 5CD36AB0)
    (at 125.095 110.363 90)
    (descr "Capacitor SMD 0603 (1608 Metric), square (rectangular) end terminal, IPC_7351 nominal, (Body size source: http://www.tortai-tech.com/upload/download/2011102023233369053.pdf), generated with kicad-footprint-generator")
    (tags capacitor)
    (path /5D4DF0EE/5CE7F862)
    (attr smd)
    (fp_text reference C22 (at 0 -1.43 90) (layer F.SilkS)
      (effects (font (size 1 1) (thickness 0.15)))
    )
    (fp_text value 0.1u (at 0 1.43 90) (layer F.Fab)
      (effects (font (size 1 1) (thickness 0.15)))
    )
    (fp_line (start -0.8 0.4) (end -0.8 -0.4) (layer F.Fab) (width 0.1))
    (fp_line (start -0.8 -0.4) (end 0.8 -0.4) (layer F.Fab) (width 0.1))
    (fp_line (start 0.8 -0.4) (end 0.8 0.4) (layer F.Fab) (width 0.1))
    (fp_line (start 0.8 0.4) (end -0.8 0.4) (layer F.Fab) (width 0.1))
    (fp_line (start -0.162779 -0.51) (end 0.162779 -0.51) (layer F.SilkS) (width 0.12))
    (fp_line (start -0.162779 0.51) (end 0.162779 0.51) (layer F.SilkS) (width 0.12))
    (fp_line (start -1.48 0.73) (end -1.48 -0.73) (layer F.CrtYd) (width 0.05))
    (fp_line (start -1.48 -0.73) (end 1.48 -0.73) (layer F.CrtYd) (width 0.05))
    (fp_line (start 1.48 -0.73) (end 1.48 0.73) (layer F.CrtYd) (width 0.05))
    (fp_line (start 1.48 0.73) (end -1.48 0.73) (layer F.CrtYd) (width 0.05))
    (fp_text user %R (at 0 0 90) (layer F.Fab)
      (effects (font (size 0.4 0.4) (thickness 0.06)))
    )
    (pad 1 smd roundrect (at -0.7875 0 90) (size 0.875 0.95) (layers F.Cu F.Paste F.Mask) (roundrect_rratio 0.25)
      (net 2 GND))
    (pad 2 smd roundrect (at 0.7875 0 90) (size 0.875 0.95) (layers F.Cu F.Paste F.Mask) (roundrect_rratio 0.25)
      (net 7 VBUS))
    (model ${KISYS3DMOD}/Capacitor_SMD.3dshapes/C_0603_1608Metric.wrl
      (at (xyz 0 0 0))
      (scale (xyz 1 1 1))
      (rotate (xyz 0 0 0))
    )
  )

  (module Capacitor_SMD:C_0603_1608Metric (layer F.Cu) (tedit 5CD34558) (tstamp 5CD36AA0)
    (at 125.095 115.443 90)
    (descr "Capacitor SMD 0603 (1608 Metric), square (rectangular) end terminal, IPC_7351 nominal, (Body size source: http://www.tortai-tech.com/upload/download/2011102023233369053.pdf), generated with kicad-footprint-generator")
    (tags capacitor)
    (path /5D4DF0EE/5CE7F874)
    (attr smd)
    (fp_text reference C25 (at 0 -1.43 90) (layer F.SilkS)
      (effects (font (size 1 1) (thickness 0.15)))
    )
    (fp_text value 1u (at 0 1.43 90) (layer F.Fab)
      (effects (font (size 1 1) (thickness 0.15)))
    )
    (fp_text user %R (at 0 0 90) (layer F.Fab)
      (effects (font (size 0.4 0.4) (thickness 0.06)))
    )
    (fp_line (start 1.48 0.73) (end -1.48 0.73) (layer F.CrtYd) (width 0.05))
    (fp_line (start 1.48 -0.73) (end 1.48 0.73) (layer F.CrtYd) (width 0.05))
    (fp_line (start -1.48 -0.73) (end 1.48 -0.73) (layer F.CrtYd) (width 0.05))
    (fp_line (start -1.48 0.73) (end -1.48 -0.73) (layer F.CrtYd) (width 0.05))
    (fp_line (start -0.162779 0.51) (end 0.162779 0.51) (layer F.SilkS) (width 0.12))
    (fp_line (start -0.162779 -0.51) (end 0.162779 -0.51) (layer F.SilkS) (width 0.12))
    (fp_line (start 0.8 0.4) (end -0.8 0.4) (layer F.Fab) (width 0.1))
    (fp_line (start 0.8 -0.4) (end 0.8 0.4) (layer F.Fab) (width 0.1))
    (fp_line (start -0.8 -0.4) (end 0.8 -0.4) (layer F.Fab) (width 0.1))
    (fp_line (start -0.8 0.4) (end -0.8 -0.4) (layer F.Fab) (width 0.1))
    (pad 2 smd roundrect (at 0.7875 0 90) (size 0.875 0.95) (layers F.Cu F.Paste F.Mask) (roundrect_rratio 0.25)
      (net 72 "Net-(C25-Pad2)"))
    (pad 1 smd roundrect (at -0.7875 0 90) (size 0.875 0.95) (layers F.Cu F.Paste F.Mask) (roundrect_rratio 0.25)
      (net 73 "Net-(C25-Pad1)"))
    (model ${KISYS3DMOD}/Capacitor_SMD.3dshapes/C_0603_1608Metric.wrl
      (at (xyz 0 0 0))
      (scale (xyz 1 1 1))
      (rotate (xyz 0 0 0))
    )
  )

  (module Capacitor_SMD:C_0603_1608Metric (layer F.Cu) (tedit 5CD3458D) (tstamp 5CD38DE3)
    (at 128.524 107.696)
    (descr "Capacitor SMD 0603 (1608 Metric), square (rectangular) end terminal, IPC_7351 nominal, (Body size source: http://www.tortai-tech.com/upload/download/2011102023233369053.pdf), generated with kicad-footprint-generator")
    (tags capacitor)
    (path /5D4DF0EE/5CE7F868)
    (attr smd)
    (fp_text reference C23 (at -8.509 0) (layer F.SilkS)
      (effects (font (size 1 1) (thickness 0.15)))
    )
    (fp_text value 1u (at 0 1.43) (layer F.Fab)
      (effects (font (size 1 1) (thickness 0.15)))
    )
    (fp_text user %R (at 0 0) (layer F.Fab)
      (effects (font (size 0.4 0.4) (thickness 0.06)))
    )
    (fp_line (start 1.48 0.73) (end -1.48 0.73) (layer F.CrtYd) (width 0.05))
    (fp_line (start 1.48 -0.73) (end 1.48 0.73) (layer F.CrtYd) (width 0.05))
    (fp_line (start -1.48 -0.73) (end 1.48 -0.73) (layer F.CrtYd) (width 0.05))
    (fp_line (start -1.48 0.73) (end -1.48 -0.73) (layer F.CrtYd) (width 0.05))
    (fp_line (start -0.162779 0.51) (end 0.162779 0.51) (layer F.SilkS) (width 0.12))
    (fp_line (start -0.162779 -0.51) (end 0.162779 -0.51) (layer F.SilkS) (width 0.12))
    (fp_line (start 0.8 0.4) (end -0.8 0.4) (layer F.Fab) (width 0.1))
    (fp_line (start 0.8 -0.4) (end 0.8 0.4) (layer F.Fab) (width 0.1))
    (fp_line (start -0.8 -0.4) (end 0.8 -0.4) (layer F.Fab) (width 0.1))
    (fp_line (start -0.8 0.4) (end -0.8 -0.4) (layer F.Fab) (width 0.1))
    (pad 2 smd roundrect (at 0.7875 0) (size 0.875 0.95) (layers F.Cu F.Paste F.Mask) (roundrect_rratio 0.25)
      (net 68 "Net-(C23-Pad2)"))
    (pad 1 smd roundrect (at -0.7875 0) (size 0.875 0.95) (layers F.Cu F.Paste F.Mask) (roundrect_rratio 0.25)
      (net 69 /MOTOR2_A))
    (model ${KISYS3DMOD}/Capacitor_SMD.3dshapes/C_0603_1608Metric.wrl
      (at (xyz 0 0 0))
      (scale (xyz 1 1 1))
      (rotate (xyz 0 0 0))
    )
  )

  (module Capacitor_SMD:C_0603_1608Metric (layer F.Cu) (tedit 5CD345F4) (tstamp 5CD36A80)
    (at 130.81 106.045)
    (descr "Capacitor SMD 0603 (1608 Metric), square (rectangular) end terminal, IPC_7351 nominal, (Body size source: http://www.tortai-tech.com/upload/download/2011102023233369053.pdf), generated with kicad-footprint-generator")
    (tags capacitor)
    (path /5D4DF0EE/5CE7F905)
    (attr smd)
    (fp_text reference C21 (at 0.127 -3.429) (layer F.SilkS)
      (effects (font (size 1 1) (thickness 0.15)))
    )
    (fp_text value 10u (at 0 1.43) (layer F.Fab)
      (effects (font (size 1 1) (thickness 0.15)))
    )
    (fp_line (start -0.8 0.4) (end -0.8 -0.4) (layer F.Fab) (width 0.1))
    (fp_line (start -0.8 -0.4) (end 0.8 -0.4) (layer F.Fab) (width 0.1))
    (fp_line (start 0.8 -0.4) (end 0.8 0.4) (layer F.Fab) (width 0.1))
    (fp_line (start 0.8 0.4) (end -0.8 0.4) (layer F.Fab) (width 0.1))
    (fp_line (start -0.162779 -0.51) (end 0.162779 -0.51) (layer F.SilkS) (width 0.12))
    (fp_line (start -0.162779 0.51) (end 0.162779 0.51) (layer F.SilkS) (width 0.12))
    (fp_line (start -1.48 0.73) (end -1.48 -0.73) (layer F.CrtYd) (width 0.05))
    (fp_line (start -1.48 -0.73) (end 1.48 -0.73) (layer F.CrtYd) (width 0.05))
    (fp_line (start 1.48 -0.73) (end 1.48 0.73) (layer F.CrtYd) (width 0.05))
    (fp_line (start 1.48 0.73) (end -1.48 0.73) (layer F.CrtYd) (width 0.05))
    (fp_text user %R (at 0 0) (layer F.Fab)
      (effects (font (size 0.4 0.4) (thickness 0.06)))
    )
    (pad 1 smd roundrect (at -0.7875 0) (size 0.875 0.95) (layers F.Cu F.Paste F.Mask) (roundrect_rratio 0.25)
      (net 67 "Net-(C21-Pad1)"))
    (pad 2 smd roundrect (at 0.7875 0) (size 0.875 0.95) (layers F.Cu F.Paste F.Mask) (roundrect_rratio 0.25)
      (net 2 GND))
    (model ${KISYS3DMOD}/Capacitor_SMD.3dshapes/C_0603_1608Metric.wrl
      (at (xyz 0 0 0))
      (scale (xyz 1 1 1))
      (rotate (xyz 0 0 0))
    )
  )

  (module Capacitor_SMD:C_0603_1608Metric (layer F.Cu) (tedit 5CD344E4) (tstamp 5CD36A70)
    (at 130.175 119.253)
    (descr "Capacitor SMD 0603 (1608 Metric), square (rectangular) end terminal, IPC_7351 nominal, (Body size source: http://www.tortai-tech.com/upload/download/2011102023233369053.pdf), generated with kicad-footprint-generator")
    (tags capacitor)
    (path /5D4DF0EE/5CE7F90C)
    (attr smd)
    (fp_text reference C20 (at 0 -1.43) (layer F.SilkS)
      (effects (font (size 1 1) (thickness 0.15)))
    )
    (fp_text value 0.1u (at 0 1.43) (layer F.Fab)
      (effects (font (size 1 1) (thickness 0.15)))
    )
    (fp_text user %R (at 0 0) (layer F.Fab)
      (effects (font (size 0.4 0.4) (thickness 0.06)))
    )
    (fp_line (start 1.48 0.73) (end -1.48 0.73) (layer F.CrtYd) (width 0.05))
    (fp_line (start 1.48 -0.73) (end 1.48 0.73) (layer F.CrtYd) (width 0.05))
    (fp_line (start -1.48 -0.73) (end 1.48 -0.73) (layer F.CrtYd) (width 0.05))
    (fp_line (start -1.48 0.73) (end -1.48 -0.73) (layer F.CrtYd) (width 0.05))
    (fp_line (start -0.162779 0.51) (end 0.162779 0.51) (layer F.SilkS) (width 0.12))
    (fp_line (start -0.162779 -0.51) (end 0.162779 -0.51) (layer F.SilkS) (width 0.12))
    (fp_line (start 0.8 0.4) (end -0.8 0.4) (layer F.Fab) (width 0.1))
    (fp_line (start 0.8 -0.4) (end 0.8 0.4) (layer F.Fab) (width 0.1))
    (fp_line (start -0.8 -0.4) (end 0.8 -0.4) (layer F.Fab) (width 0.1))
    (fp_line (start -0.8 0.4) (end -0.8 -0.4) (layer F.Fab) (width 0.1))
    (pad 2 smd roundrect (at 0.7875 0) (size 0.875 0.95) (layers F.Cu F.Paste F.Mask) (roundrect_rratio 0.25)
      (net 2 GND))
    (pad 1 smd roundrect (at -0.7875 0) (size 0.875 0.95) (layers F.Cu F.Paste F.Mask) (roundrect_rratio 0.25)
      (net 1 +5V))
    (model ${KISYS3DMOD}/Capacitor_SMD.3dshapes/C_0603_1608Metric.wrl
      (at (xyz 0 0 0))
      (scale (xyz 1 1 1))
      (rotate (xyz 0 0 0))
    )
  )

  (module Resistor_SMD:R_0603_1608Metric (layer F.Cu) (tedit 5CD345B8) (tstamp 5CD38E59)
    (at 134.239 106.68 90)
    (descr "Resistor SMD 0603 (1608 Metric), square (rectangular) end terminal, IPC_7351 nominal, (Body size source: http://www.tortai-tech.com/upload/download/2011102023233369053.pdf), generated with kicad-footprint-generator")
    (tags resistor)
    (path /5D4DF0EE/5CE7F89F)
    (attr smd)
    (fp_text reference R19 (at 4.064 -0.254 180) (layer F.SilkS)
      (effects (font (size 1 1) (thickness 0.15)))
    )
    (fp_text value 27 (at 0 1.43 90) (layer F.Fab)
      (effects (font (size 1 1) (thickness 0.15)))
    )
    (fp_text user %R (at 0 0 90) (layer F.Fab)
      (effects (font (size 0.4 0.4) (thickness 0.06)))
    )
    (fp_line (start 1.48 0.73) (end -1.48 0.73) (layer F.CrtYd) (width 0.05))
    (fp_line (start 1.48 -0.73) (end 1.48 0.73) (layer F.CrtYd) (width 0.05))
    (fp_line (start -1.48 -0.73) (end 1.48 -0.73) (layer F.CrtYd) (width 0.05))
    (fp_line (start -1.48 0.73) (end -1.48 -0.73) (layer F.CrtYd) (width 0.05))
    (fp_line (start -0.162779 0.51) (end 0.162779 0.51) (layer F.SilkS) (width 0.12))
    (fp_line (start -0.162779 -0.51) (end 0.162779 -0.51) (layer F.SilkS) (width 0.12))
    (fp_line (start 0.8 0.4) (end -0.8 0.4) (layer F.Fab) (width 0.1))
    (fp_line (start 0.8 -0.4) (end 0.8 0.4) (layer F.Fab) (width 0.1))
    (fp_line (start -0.8 -0.4) (end 0.8 -0.4) (layer F.Fab) (width 0.1))
    (fp_line (start -0.8 0.4) (end -0.8 -0.4) (layer F.Fab) (width 0.1))
    (pad 2 smd roundrect (at 0.7875 0 90) (size 0.875 0.95) (layers F.Cu F.Paste F.Mask) (roundrect_rratio 0.25)
      (net 83 "Net-(R19-Pad2)"))
    (pad 1 smd roundrect (at -0.7875 0 90) (size 0.875 0.95) (layers F.Cu F.Paste F.Mask) (roundrect_rratio 0.25)
      (net 77 "Net-(Q8-Pad1)"))
    (model ${KISYS3DMOD}/Resistor_SMD.3dshapes/R_0603_1608Metric.wrl
      (at (xyz 0 0 0))
      (scale (xyz 1 1 1))
      (rotate (xyz 0 0 0))
    )
  )

  (module Resistor_SMD:R_0603_1608Metric (layer F.Cu) (tedit 5CD345CA) (tstamp 5CD36A1D)
    (at 133.604 104.14 180)
    (descr "Resistor SMD 0603 (1608 Metric), square (rectangular) end terminal, IPC_7351 nominal, (Body size source: http://www.tortai-tech.com/upload/download/2011102023233369053.pdf), generated with kicad-footprint-generator")
    (tags resistor)
    (path /5D4DF0EE/5CE7F899)
    (attr smd)
    (fp_text reference R18 (at 0 2.794 180) (layer F.SilkS)
      (effects (font (size 1 1) (thickness 0.15)))
    )
    (fp_text value 27 (at 0 1.43 180) (layer F.Fab)
      (effects (font (size 1 1) (thickness 0.15)))
    )
    (fp_line (start -0.8 0.4) (end -0.8 -0.4) (layer F.Fab) (width 0.1))
    (fp_line (start -0.8 -0.4) (end 0.8 -0.4) (layer F.Fab) (width 0.1))
    (fp_line (start 0.8 -0.4) (end 0.8 0.4) (layer F.Fab) (width 0.1))
    (fp_line (start 0.8 0.4) (end -0.8 0.4) (layer F.Fab) (width 0.1))
    (fp_line (start -0.162779 -0.51) (end 0.162779 -0.51) (layer F.SilkS) (width 0.12))
    (fp_line (start -0.162779 0.51) (end 0.162779 0.51) (layer F.SilkS) (width 0.12))
    (fp_line (start -1.48 0.73) (end -1.48 -0.73) (layer F.CrtYd) (width 0.05))
    (fp_line (start -1.48 -0.73) (end 1.48 -0.73) (layer F.CrtYd) (width 0.05))
    (fp_line (start 1.48 -0.73) (end 1.48 0.73) (layer F.CrtYd) (width 0.05))
    (fp_line (start 1.48 0.73) (end -1.48 0.73) (layer F.CrtYd) (width 0.05))
    (fp_text user %R (at 0 0 180) (layer F.Fab)
      (effects (font (size 0.4 0.4) (thickness 0.06)))
    )
    (pad 1 smd roundrect (at -0.7875 0 180) (size 0.875 0.95) (layers F.Cu F.Paste F.Mask) (roundrect_rratio 0.25)
      (net 76 "Net-(Q7-Pad1)"))
    (pad 2 smd roundrect (at 0.7875 0 180) (size 0.875 0.95) (layers F.Cu F.Paste F.Mask) (roundrect_rratio 0.25)
      (net 82 "Net-(R18-Pad2)"))
    (model ${KISYS3DMOD}/Resistor_SMD.3dshapes/R_0603_1608Metric.wrl
      (at (xyz 0 0 0))
      (scale (xyz 1 1 1))
      (rotate (xyz 0 0 0))
    )
  )

  (module Package_SO:HTSSOP-24-1EP_4.4x7.8mm_P0.65mm_EP3.4x7.8mm_Mask2.4x4.68mm (layer F.Cu) (tedit 5CD34B61) (tstamp 5CD369F0)
    (at 130.302 112.776 270)
    (descr "HTSSOP, 24 Pin (http://www.ti.com/lit/ds/symlink/tps703.pdf), generated with kicad-footprint-generator ipc_gullwing_generator.py")
    (tags "HTSSOP SO")
    (path /5D4DF0EE/5CE7F850)
    (attr smd)
    (fp_text reference U7 (at 0 -4.85 270) (layer F.SilkS)
      (effects (font (size 1 1) (thickness 0.15)))
    )
    (fp_text value A4940KLPTR-T (at 0 4.85 270) (layer F.Fab)
      (effects (font (size 1 1) (thickness 0.15)))
    )
    (fp_line (start 0 4.035) (end 2.2 4.035) (layer F.SilkS) (width 0.12))
    (fp_line (start 0 4.035) (end -2.2 4.035) (layer F.SilkS) (width 0.12))
    (fp_line (start 0 -4.035) (end 2.2 -4.035) (layer F.SilkS) (width 0.12))
    (fp_line (start 0 -4.035) (end -3.65 -4.035) (layer F.SilkS) (width 0.12))
    (fp_line (start -1.2 -3.9) (end 2.2 -3.9) (layer F.Fab) (width 0.1))
    (fp_line (start 2.2 -3.9) (end 2.2 3.9) (layer F.Fab) (width 0.1))
    (fp_line (start 2.2 3.9) (end -2.2 3.9) (layer F.Fab) (width 0.1))
    (fp_line (start -2.2 3.9) (end -2.2 -2.9) (layer F.Fab) (width 0.1))
    (fp_line (start -2.2 -2.9) (end -1.2 -3.9) (layer F.Fab) (width 0.1))
    (fp_line (start -3.9 -4.15) (end -3.9 4.15) (layer F.CrtYd) (width 0.05))
    (fp_line (start -3.9 4.15) (end 3.9 4.15) (layer F.CrtYd) (width 0.05))
    (fp_line (start 3.9 4.15) (end 3.9 -4.15) (layer F.CrtYd) (width 0.05))
    (fp_line (start 3.9 -4.15) (end -3.9 -4.15) (layer F.CrtYd) (width 0.05))
    (fp_text user %R (at 0 0 270) (layer F.Fab)
      (effects (font (size 1 1) (thickness 0.15)))
    )
    (pad "" smd roundrect (at 0 0 270) (size 3.4 7.8) (layers F.Mask) (roundrect_rratio 0.073529))
    (pad 25 smd roundrect (at 0 0 270) (size 2.4 4.68) (layers F.Cu) (roundrect_rratio 0.104167)
      (net 2 GND))
    (pad "" smd roundrect (at 0 -1.17 270) (size 1.93 1.89) (layers F.Paste) (roundrect_rratio 0.132275))
    (pad "" smd roundrect (at 0 1.17 270) (size 1.93 1.89) (layers F.Paste) (roundrect_rratio 0.132275))
    (pad 1 smd roundrect (at -2.8625 -3.575 270) (size 1.575 0.4) (layers F.Cu F.Paste F.Mask) (roundrect_rratio 0.25))
    (pad 2 smd roundrect (at -2.8625 -2.925 270) (size 1.575 0.4) (layers F.Cu F.Paste F.Mask) (roundrect_rratio 0.25)
      (net 2 GND))
    (pad 3 smd roundrect (at -2.8625 -2.275 270) (size 1.575 0.4) (layers F.Cu F.Paste F.Mask) (roundrect_rratio 0.25)
      (net 83 "Net-(R19-Pad2)"))
    (pad 4 smd roundrect (at -2.8625 -1.625 270) (size 1.575 0.4) (layers F.Cu F.Paste F.Mask) (roundrect_rratio 0.25)
      (net 70 /MOTOR2_B))
    (pad 5 smd roundrect (at -2.8625 -0.975 270) (size 1.575 0.4) (layers F.Cu F.Paste F.Mask) (roundrect_rratio 0.25)
      (net 82 "Net-(R18-Pad2)"))
    (pad 6 smd roundrect (at -2.8625 -0.325 270) (size 1.575 0.4) (layers F.Cu F.Paste F.Mask) (roundrect_rratio 0.25)
      (net 71 "Net-(C24-Pad2)"))
    (pad 7 smd roundrect (at -2.8625 0.325 270) (size 1.575 0.4) (layers F.Cu F.Paste F.Mask) (roundrect_rratio 0.25)
      (net 67 "Net-(C21-Pad1)"))
    (pad 8 smd roundrect (at -2.8625 0.975 270) (size 1.575 0.4) (layers F.Cu F.Paste F.Mask) (roundrect_rratio 0.25)
      (net 68 "Net-(C23-Pad2)"))
    (pad 9 smd roundrect (at -2.8625 1.625 270) (size 1.575 0.4) (layers F.Cu F.Paste F.Mask) (roundrect_rratio 0.25)
      (net 80 "Net-(R16-Pad2)"))
    (pad 10 smd roundrect (at -2.8625 2.275 270) (size 1.575 0.4) (layers F.Cu F.Paste F.Mask) (roundrect_rratio 0.25)
      (net 69 /MOTOR2_A))
    (pad 11 smd roundrect (at -2.8625 2.925 270) (size 1.575 0.4) (layers F.Cu F.Paste F.Mask) (roundrect_rratio 0.25)
      (net 81 "Net-(R17-Pad2)"))
    (pad 12 smd roundrect (at -2.8625 3.575 270) (size 1.575 0.4) (layers F.Cu F.Paste F.Mask) (roundrect_rratio 0.25)
      (net 7 VBUS))
    (pad 13 smd roundrect (at 2.8625 3.575 270) (size 1.575 0.4) (layers F.Cu F.Paste F.Mask) (roundrect_rratio 0.25)
      (net 72 "Net-(C25-Pad2)"))
    (pad 14 smd roundrect (at 2.8625 2.925 270) (size 1.575 0.4) (layers F.Cu F.Paste F.Mask) (roundrect_rratio 0.25)
      (net 73 "Net-(C25-Pad1)"))
    (pad 15 smd roundrect (at 2.8625 2.275 270) (size 1.575 0.4) (layers F.Cu F.Paste F.Mask) (roundrect_rratio 0.25)
      (net 2 GND))
    (pad 16 smd roundrect (at 2.8625 1.625 270) (size 1.575 0.4) (layers F.Cu F.Paste F.Mask) (roundrect_rratio 0.25)
      (net 2 GND))
    (pad 17 smd roundrect (at 2.8625 0.975 270) (size 1.575 0.4) (layers F.Cu F.Paste F.Mask) (roundrect_rratio 0.25)
      (net 58 /MOTOR2_DRIVER/AHI))
    (pad 18 smd roundrect (at 2.8625 0.325 270) (size 1.575 0.4) (layers F.Cu F.Paste F.Mask) (roundrect_rratio 0.25)
      (net 56 /MOTOR2_DRIVER/ALO))
    (pad 19 smd roundrect (at 2.8625 -0.325 270) (size 1.575 0.4) (layers F.Cu F.Paste F.Mask) (roundrect_rratio 0.25)
      (net 56 /MOTOR2_DRIVER/ALO))
    (pad 20 smd roundrect (at 2.8625 -0.975 270) (size 1.575 0.4) (layers F.Cu F.Paste F.Mask) (roundrect_rratio 0.25)
      (net 58 /MOTOR2_DRIVER/AHI))
    (pad 21 smd roundrect (at 2.8625 -1.625 270) (size 1.575 0.4) (layers F.Cu F.Paste F.Mask) (roundrect_rratio 0.25)
      (net 1 +5V))
    (pad 22 smd roundrect (at 2.8625 -2.275 270) (size 1.575 0.4) (layers F.Cu F.Paste F.Mask) (roundrect_rratio 0.25)
      (net 2 GND))
    (pad 23 smd roundrect (at 2.8625 -2.925 270) (size 1.575 0.4) (layers F.Cu F.Paste F.Mask) (roundrect_rratio 0.25)
      (net 79 "Net-(R15-Pad1)"))
    (pad 24 smd roundrect (at 2.8625 -3.575 270) (size 1.575 0.4) (layers F.Cu F.Paste F.Mask) (roundrect_rratio 0.25)
      (net 78 /MOTOR2_DRIVER/~FAULT))
    (model ${KISYS3DMOD}/Package_SO.3dshapes/HTSSOP-24-1EP_4.4x7.8mm_P0.65mm_EP3.4x7.8mm_Mask2.4x4.68mm.wrl
      (at (xyz 0 0 0))
      (scale (xyz 1 1 1))
      (rotate (xyz 0 0 0))
    )
  )

  (module Resistor_SMD:R_0603_1608Metric (layer F.Cu) (tedit 5CD34851) (tstamp 5CD369E0)
    (at 127.635 106.045)
    (descr "Resistor SMD 0603 (1608 Metric), square (rectangular) end terminal, IPC_7351 nominal, (Body size source: http://www.tortai-tech.com/upload/download/2011102023233369053.pdf), generated with kicad-footprint-generator")
    (tags resistor)
    (path /5D4DF0EE/5CE7F856)
    (attr smd)
    (fp_text reference R16 (at -0.254 -3.429) (layer F.SilkS)
      (effects (font (size 1 1) (thickness 0.15)))
    )
    (fp_text value 27 (at 0 1.43) (layer F.Fab)
      (effects (font (size 1 1) (thickness 0.15)))
    )
    (fp_line (start -0.8 0.4) (end -0.8 -0.4) (layer F.Fab) (width 0.1))
    (fp_line (start -0.8 -0.4) (end 0.8 -0.4) (layer F.Fab) (width 0.1))
    (fp_line (start 0.8 -0.4) (end 0.8 0.4) (layer F.Fab) (width 0.1))
    (fp_line (start 0.8 0.4) (end -0.8 0.4) (layer F.Fab) (width 0.1))
    (fp_line (start -0.162779 -0.51) (end 0.162779 -0.51) (layer F.SilkS) (width 0.12))
    (fp_line (start -0.162779 0.51) (end 0.162779 0.51) (layer F.SilkS) (width 0.12))
    (fp_line (start -1.48 0.73) (end -1.48 -0.73) (layer F.CrtYd) (width 0.05))
    (fp_line (start -1.48 -0.73) (end 1.48 -0.73) (layer F.CrtYd) (width 0.05))
    (fp_line (start 1.48 -0.73) (end 1.48 0.73) (layer F.CrtYd) (width 0.05))
    (fp_line (start 1.48 0.73) (end -1.48 0.73) (layer F.CrtYd) (width 0.05))
    (fp_text user %R (at 0 0) (layer F.Fab)
      (effects (font (size 0.4 0.4) (thickness 0.06)))
    )
    (pad 1 smd roundrect (at -0.7875 0) (size 0.875 0.95) (layers F.Cu F.Paste F.Mask) (roundrect_rratio 0.25)
      (net 74 "Net-(Q5-Pad1)"))
    (pad 2 smd roundrect (at 0.7875 0) (size 0.875 0.95) (layers F.Cu F.Paste F.Mask) (roundrect_rratio 0.25)
      (net 80 "Net-(R16-Pad2)"))
    (model ${KISYS3DMOD}/Resistor_SMD.3dshapes/R_0603_1608Metric.wrl
      (at (xyz 0 0 0))
      (scale (xyz 1 1 1))
      (rotate (xyz 0 0 0))
    )
  )

  (module Resistor_SMD:R_0603_1608Metric (layer F.Cu) (tedit 5CD3488C) (tstamp 5CD369D0)
    (at 129.413 104.14 180)
    (descr "Resistor SMD 0603 (1608 Metric), square (rectangular) end terminal, IPC_7351 nominal, (Body size source: http://www.tortai-tech.com/upload/download/2011102023233369053.pdf), generated with kicad-footprint-generator")
    (tags resistor)
    (path /5D4DF0EE/5CE7F85C)
    (attr smd)
    (fp_text reference R17 (at 0 2.794 180) (layer F.SilkS)
      (effects (font (size 1 1) (thickness 0.15)))
    )
    (fp_text value 27 (at 0 1.43 180) (layer F.Fab)
      (effects (font (size 1 1) (thickness 0.15)))
    )
    (fp_text user %R (at 0 0 180) (layer F.Fab)
      (effects (font (size 0.4 0.4) (thickness 0.06)))
    )
    (fp_line (start 1.48 0.73) (end -1.48 0.73) (layer F.CrtYd) (width 0.05))
    (fp_line (start 1.48 -0.73) (end 1.48 0.73) (layer F.CrtYd) (width 0.05))
    (fp_line (start -1.48 -0.73) (end 1.48 -0.73) (layer F.CrtYd) (width 0.05))
    (fp_line (start -1.48 0.73) (end -1.48 -0.73) (layer F.CrtYd) (width 0.05))
    (fp_line (start -0.162779 0.51) (end 0.162779 0.51) (layer F.SilkS) (width 0.12))
    (fp_line (start -0.162779 -0.51) (end 0.162779 -0.51) (layer F.SilkS) (width 0.12))
    (fp_line (start 0.8 0.4) (end -0.8 0.4) (layer F.Fab) (width 0.1))
    (fp_line (start 0.8 -0.4) (end 0.8 0.4) (layer F.Fab) (width 0.1))
    (fp_line (start -0.8 -0.4) (end 0.8 -0.4) (layer F.Fab) (width 0.1))
    (fp_line (start -0.8 0.4) (end -0.8 -0.4) (layer F.Fab) (width 0.1))
    (pad 2 smd roundrect (at 0.7875 0 180) (size 0.875 0.95) (layers F.Cu F.Paste F.Mask) (roundrect_rratio 0.25)
      (net 81 "Net-(R17-Pad2)"))
    (pad 1 smd roundrect (at -0.7875 0 180) (size 0.875 0.95) (layers F.Cu F.Paste F.Mask) (roundrect_rratio 0.25)
      (net 75 "Net-(Q6-Pad1)"))
    (model ${KISYS3DMOD}/Resistor_SMD.3dshapes/R_0603_1608Metric.wrl
      (at (xyz 0 0 0))
      (scale (xyz 1 1 1))
      (rotate (xyz 0 0 0))
    )
  )

  (module Package_TO_SOT_SMD:TO-252-2 (layer F.Cu) (tedit 5CD348D1) (tstamp 5CD369AD)
    (at 140.97 112.522 180)
    (descr "TO-252 / DPAK SMD package, http://www.infineon.com/cms/en/product/packages/PG-TO252/PG-TO252-3-1/")
    (tags "DPAK TO-252 DPAK-3 TO-252-3 SOT-428")
    (path /5D4DF0EE/5CE7F945)
    (attr smd)
    (fp_text reference Q7 (at 0 -4.5 180) (layer F.SilkS)
      (effects (font (size 1 1) (thickness 0.15)))
    )
    (fp_text value Q_NMOS_GDS (at 0 4.5 180) (layer F.Fab)
      (effects (font (size 1 1) (thickness 0.15)))
    )
    (fp_line (start 3.95 -2.7) (end 4.95 -2.7) (layer F.Fab) (width 0.1))
    (fp_line (start 4.95 -2.7) (end 4.95 2.7) (layer F.Fab) (width 0.1))
    (fp_line (start 4.95 2.7) (end 3.95 2.7) (layer F.Fab) (width 0.1))
    (fp_line (start 3.95 -3.25) (end 3.95 3.25) (layer F.Fab) (width 0.1))
    (fp_line (start 3.95 3.25) (end -2.27 3.25) (layer F.Fab) (width 0.1))
    (fp_line (start -2.27 3.25) (end -2.27 -2.25) (layer F.Fab) (width 0.1))
    (fp_line (start -2.27 -2.25) (end -1.27 -3.25) (layer F.Fab) (width 0.1))
    (fp_line (start -1.27 -3.25) (end 3.95 -3.25) (layer F.Fab) (width 0.1))
    (fp_line (start -1.865 -2.655) (end -4.97 -2.655) (layer F.Fab) (width 0.1))
    (fp_line (start -4.97 -2.655) (end -4.97 -1.905) (layer F.Fab) (width 0.1))
    (fp_line (start -4.97 -1.905) (end -2.27 -1.905) (layer F.Fab) (width 0.1))
    (fp_line (start -2.27 1.905) (end -4.97 1.905) (layer F.Fab) (width 0.1))
    (fp_line (start -4.97 1.905) (end -4.97 2.655) (layer F.Fab) (width 0.1))
    (fp_line (start -4.97 2.655) (end -2.27 2.655) (layer F.Fab) (width 0.1))
    (fp_line (start -0.97 -3.45) (end -2.47 -3.45) (layer F.SilkS) (width 0.12))
    (fp_line (start -2.47 -3.45) (end -2.47 -3.18) (layer F.SilkS) (width 0.12))
    (fp_line (start -2.47 -3.18) (end -5.3 -3.18) (layer F.SilkS) (width 0.12))
    (fp_line (start -0.97 3.45) (end -2.47 3.45) (layer F.SilkS) (width 0.12))
    (fp_line (start -2.47 3.45) (end -2.47 3.18) (layer F.SilkS) (width 0.12))
    (fp_line (start -2.47 3.18) (end -3.57 3.18) (layer F.SilkS) (width 0.12))
    (fp_line (start -5.55 -3.5) (end -5.55 3.5) (layer F.CrtYd) (width 0.05))
    (fp_line (start -5.55 3.5) (end 5.55 3.5) (layer F.CrtYd) (width 0.05))
    (fp_line (start 5.55 3.5) (end 5.55 -3.5) (layer F.CrtYd) (width 0.05))
    (fp_line (start 5.55 -3.5) (end -5.55 -3.5) (layer F.CrtYd) (width 0.05))
    (fp_text user %R (at 0 0 180) (layer F.Fab)
      (effects (font (size 1 1) (thickness 0.15)))
    )
    (pad 1 smd rect (at -4.2 -2.28 180) (size 2.2 1.2) (layers F.Cu F.Paste F.Mask)
      (net 76 "Net-(Q7-Pad1)"))
    (pad 3 smd rect (at -4.2 2.28 180) (size 2.2 1.2) (layers F.Cu F.Paste F.Mask)
      (net 70 /MOTOR2_B))
    (pad 2 smd rect (at 2.1 0 180) (size 6.4 5.8) (layers F.Cu F.Mask)
      (net 7 VBUS))
    (pad "" smd rect (at 3.775 1.525 180) (size 3.05 2.75) (layers F.Paste))
    (pad "" smd rect (at 0.425 -1.525 180) (size 3.05 2.75) (layers F.Paste))
    (pad "" smd rect (at 3.775 -1.525 180) (size 3.05 2.75) (layers F.Paste))
    (pad "" smd rect (at 0.425 1.525 180) (size 3.05 2.75) (layers F.Paste))
    (model ${KISYS3DMOD}/Package_TO_SOT_SMD.3dshapes/TO-252-2.wrl
      (at (xyz 0 0 0))
      (scale (xyz 1 1 1))
      (rotate (xyz 0 0 0))
    )
  )

  (module Package_TO_SOT_SMD:TO-252-2 (layer F.Cu) (tedit 5CD348E7) (tstamp 5CD3698A)
    (at 152.4 104.902 180)
    (descr "TO-252 / DPAK SMD package, http://www.infineon.com/cms/en/product/packages/PG-TO252/PG-TO252-3-1/")
    (tags "DPAK TO-252 DPAK-3 TO-252-3 SOT-428")
    (path /5D4DF0EE/5CE7F93F)
    (attr smd)
    (fp_text reference Q6 (at 0 -4.5 180) (layer F.SilkS)
      (effects (font (size 1 1) (thickness 0.15)))
    )
    (fp_text value Q_NMOS_GDS (at 0 4.5 180) (layer F.Fab)
      (effects (font (size 1 1) (thickness 0.15)))
    )
    (fp_line (start 3.95 -2.7) (end 4.95 -2.7) (layer F.Fab) (width 0.1))
    (fp_line (start 4.95 -2.7) (end 4.95 2.7) (layer F.Fab) (width 0.1))
    (fp_line (start 4.95 2.7) (end 3.95 2.7) (layer F.Fab) (width 0.1))
    (fp_line (start 3.95 -3.25) (end 3.95 3.25) (layer F.Fab) (width 0.1))
    (fp_line (start 3.95 3.25) (end -2.27 3.25) (layer F.Fab) (width 0.1))
    (fp_line (start -2.27 3.25) (end -2.27 -2.25) (layer F.Fab) (width 0.1))
